0.28957272
-0.44887468
0.2603644
0.0734204
0.23537081
0.03263421
-0.1875975
0.22133514
0.43623644
-0.16916384
-0.45107737
0.08033477
0.27184758
-0.08335958
0.10425693
0.2976609
-0.43090844
-0.24805099
0.3669394
-0.020964963
0.28896824
0.18175516
0.07441812
-0.17191125
0.34553805
-0.39913094
-0.1935393
-0.22971758
0.0149605
-0.33362004
-0.40386036
-0.3318587
-0.2849038
-0.11348686
0.20251714
-0.36709544
0.12245195
-0.43332744
-0.21577843
-0.24439631
0.21905303
-0.3154386
-0.2824691
0.22259818
-0.27795368
-0.20061414
0.09176947
0.14247543
-0.4227004
-0.21365994
0.1543678
-0.42113876
0.049643382
-0.24276325
0.0017069492
0.012221238
-0.4937542
-0.4580356
-0.496925
-0.3240874
-0.20018043
0.074224055
0.39643142
0.2858729
0.31589356
0.22135548
-0.33897167
-0.16302128
-0.13322662
-0.3015594
0.2950644
0.04446884
-0.10644496
0.098341376
-0.33439043
0.13369498
0.28214934
0.28692323
-0.060424984
-0.10258711
0.10864209
0.2593555
-0.4666048
0.11291397
-0.31974033
-0.14947481
0.0055262344
0.25705022
0.14894441
-0.18199478
-0.045326125
-0.093327805
0.3254114
0.17113627
-0.46046332
0.1279687
0.3534159
-0.45318544
-0.1704026
0.17915425
0.009999992
0.009999991
-0.009999995
0.009999998
-0.009999996
-0.009999986
-0.009999987
-0.00999996
0.009999985
-0.009999958
0.009999976
0.009999998
-0.009999998
-0.009999993
-0.009999996
-0.009999997
-0.009999998
-0.009999997
-0.009999996
-0.009998047
-0.055239797
0.37062722
0.21943484
0.29918253
-0.1913077
0.21549204
-0.1053949
0.09883836
0.12996118
-0.30009112
-0.15443899
-0.3538001
0.13921982
-0.39297298
0.29753175
0.21885419
-0.3359544
-0.14858657
0.008741149
-0.2875244
0.2527918
0.08803395
0.03230951
0.28857574
-0.004547661
0.08346814
-0.044053834
-0.010448685
-0.18300916
-0.16448632
0.28891754
0.24028075
0.33304888
-0.38525814
-0.089051425
-0.13338761
0.0019326162
-0.20667258
-0.2111762
-0.09194782
-0.27736294
0.33641326
0.18376137
0.31760427
-0.22268407
-0.28659272
0.188551
0.13643497
-0.094110884
-0.06859297
-0.098263085
0.10031791
0.2873868
0.01864692
0.039489523
-0.10594378
-0.30103186
-0.104993455
-0.026790114
-0.26350302
-0.11283439
-0.36584634
-0.20904334
-0.081986524
0.361632
-0.09958272
-0.15843663
0.37557924
0.25847784
-0.31888953
0.35624015
-0.021549692
0.36477086
0.34230626
-0.2014998
-0.009286878
-0.32962412
0.041508753
-0.043022685
-0.11935452
-0.33136055
-0.21617599
0.26771018
0.26187235
-0.3719482
-0.21663243
0.20809272
-0.047107317
0.08812065
0.37355158
0.15473677
-0.15153824
0.025244078
0.25255698
0.2733812
-0.11216059
-0.3867759
0.025762808
0.119822256
-0.36381036
0.35773787
0.04528168
-0.35457626
-0.025998466
0.27083382
-0.05909515
0.33518812
0.33870906
0.35008875
-0.044179436
-0.1259301
-0.23895282
-0.29136896
0.17013377
0.060813673
-0.21100391
-0.33481503
-0.08348444
0.032246444
0.0348278
0.25280222
0.100158356
-0.11997469
-0.27592096
-0.33605453
0.17246523
0.07450046
0.1718511
0.089150324
0.241583
-0.31022948
-0.07512771
-0.1488871
-0.17212848
0.31018454
-0.074864
0.32031485
0.060027916
-0.33420125
0.14209732
-0.31525114
-0.28310117
-0.0172645
-0.2521941
-0.19745998
-0.37436935
-0.35008404
0.26946294
-0.23575668
-0.29537794
0.2725664
0.09059331
0.12108913
0.3319052
-0.39067763
0.27770552
0.09945178
0.38324004
-0.111724466
0.33505532
-0.35057226
-0.027051065
-0.30906776
-0.34381405
-0.06150917
-0.31627733
0.115411855
0.2103915
-0.006419744
0.2932074
-0.38609713
0.014592392
-0.21305254
0.28903323
-0.29496998
0.28309858
0.17751776
-0.09971203
-0.119887985
-0.1371393
0.040753186
-0.072166115
0.053682044
-0.08550817
-0.27644843
-0.056350276
0.23141888
0.19268213
-0.15179937
0.25968054
-0.25291154
-0.21828538
0.18055053
0.29607365
-0.25260904
0.29414105
-0.17234409
-0.06565173
-0.22940348
0.25492087
0.2780263
-0.38703853
-0.3161618
0.14782652
0.07056301
0.15404543
0.12249381
-0.33104688
-0.084502906
0.069441825
0.09425743
-0.14482546
0.38971776
0.069590785
-0.29129738
0.012008555
0.36883345
0.33010137
-0.25916502
-0.29429635
-0.121836066
-0.14316863
-0.0770044
-0.05774023
-0.32574812
0.29229805
-0.3589076
0.122284465
0.20762244
0.31140947
-0.39134404
-0.25582725
-0.0008914036
-0.06877819
-0.3712926
-0.23285624
-0.07454772
-0.26466313
-0.012232204
0.35065806
0.17515923
0.23913288
-0.38901135
0.29085693
-0.12618165
-0.20647669
0.2217011
0.09465096
-0.25385028
-0.37422642
0.36075082
0.24750361
-0.36329493
-0.27287182
0.07145234
0.36071894
0.24565147
-0.22232305
0.02431451
-0.11075554
0.21686447
-0.113325074
-0.23568381
-0.30501828
-0.013721277
-0.37143943
-0.14201291
0.10132515
0.17068209
-0.058606308
-0.25399995
-0.066678315
0.2325297
0.30421537
0.22843687
-0.27157763
-0.19510624
0.2250394
-0.18303761
0.105456054
0.26114285
0.09206825
0.03169767
0.33207878
-0.24239966
0.1797737
0.19214243
0.17836036
0.12550904
-0.21721815
0.24373348
-0.37170538
0.21187787
-0.3382022
0.03872948
-0.11003782
0.1129524
-0.25344956
0.13213152
-0.20138139
0.3120627
0.2200835
0.27141234
-0.2769161
0.23476884
0.11456371
0.16659339
0.16891378
-0.065778285
-0.0031876976
0.32772443
-0.055486448
-0.2802225
0.22226207
-0.38727206
0.30441332
-0.11406803
0.23609525
-0.11566097
-0.38910362
0.13643442
-0.34078366
0.18599783
-0.2766767
-0.11559967
0.08503726
0.2556954
-0.11869479
-0.19971137
0.14827016
0.2031909
-0.3037943
0.2790493
-0.13807741
0.3527597
0.28737867
0.05036661
0.26906762
0.19032611
0.34834874
0.36740875
0.31368843
0.2773382
-0.15010983
-0.28784022
0.042530976
0.22938077
-0.36805677
-0.10352467
-0.27015072
-0.36543912
0.27655607
-0.35956722
-0.004769173
-0.24194784
0.22948703
-0.124417126
-0.2608917
0.12824772
-0.3692278
0.10548088
0.19652595
-0.239599
-0.33053797
0.003325079
-0.06406567
-0.08252656
-0.0872572
-0.10966892
0.25828475
-0.27025014
-0.19442478
-0.3240075
-0.061797444
0.05669766
0.31600225
0.0016047204
0.16081375
0.112824604
-0.23872794
0.2406684
-0.0006614665
0.19184253
0.1281653
-0.27060327
0.31592992
-0.30547494
0.13431375
-0.36795485
0.064916655
0.13905676
0.1051309
0.1644886
-0.24905491
-0.14330223
0.15634984
0.23108026
-0.21796742
0.08408433
-0.30218932
-0.01
-0.01
-0.009999999
0.009999974
0.009999999
0.01
-0.009999999
0.009999999
0.01
0.009999996
-0.01
0.009999999
0.009999998
-0.01
-0.01
0.009999997
-0.01
0.009999983
-0.01
-0.009999991
-0.38650882
-0.5140879
-0.13481374
0.018044017
0.21820322
0.5255335
-0.26322672
0.29048097
0.42468712
0.062791675
-0.32637137
0.3876311
0.1267424
-0.49924487
-0.37810454
0.09007825
-0.42207912
0.022501873
-0.3574168
-0.017481308
0.01
