0.02760712
0.30262312
0.09583144
-0.05102122
-0.3217977
0.033348512
-0.3050541
-0.36885628
0.17053062
0.1840202
-0.03731973
-0.45179382
0.20213608
-0.37791523
-0.09498377
-0.3890237
-0.47813153
-0.23032482
-0.2484161
0.038677268
-0.04140912
0.46504462
-0.18988109
-0.23339273
0.28258422
0.046062637
-0.19165936
0.46904618
0.46211475
-0.20697841
0.28332034
0.46568534
0.14084828
-0.23921128
-0.2328951
-0.13589783
0.26119775
0.1369817
-0.20918716
-0.26157618
-0.15398815
0.051856764
-0.08502472
-0.267371
0.25705907
0.28064635
0.031062078
-0.25083983
-0.27433956
0.4080803
0.049322844
0.038223494
-0.3715108
-0.46260944
0.059793137
0.20657639
0.17940496
0.4829811
-0.1973181
0.10383352
-0.11488977
-0.29980558
0.29272473
-0.16812481
0.0063812383
-0.31023824
0.052475862
0.113310516
0.07360421
-0.4097546
0.138393
-0.21534607
-0.4708315
-0.10860629
-0.18821298
-0.23564196
-0.490235
-0.0043872884
0.302631
-0.1261868
0.43443683
-0.33610097
-0.058364827
0.11990892
-0.36081073
0.33590466
0.025236173
0.37771952
0.29203483
0.13596721
0.18504113
-0.124738455
-0.105983175
-0.04624764
0.007159556
-0.2937626
-0.46056375
-0.31974295
0.29638356
0.37051094
0.00999987
-0.009999995
-0.009999983
-0.009999969
0.009999983
-0.00999999
0.0099999895
0.009999999
0.009999998
-0.009999998
0.009999997
0.009999995
0.009999994
0.009999996
-0.009999997
0.009999994
-0.009999996
0.009999999
0.009999996
0.0099999895
0.3220427
0.18169434
0.05962054
0.16568553
0.21344368
0.005223665
0.3402189
-0.2887671
-0.36336753
-0.262721
-0.04712882
-0.35236695
-0.085200794
-0.23965336
0.33681226
-0.34992552
-0.24233381
0.0022828628
-0.1355953
0.17718746
-0.3189942
0.11314327
0.107756555
-0.024516815
0.24450646
0.035744607
0.3864486
0.18012902
0.051361647
-0.25263128
-0.14140421
0.12036354
0.32116503
0.34008276
0.32608864
-0.37956405
-0.22503906
0.32960105
-0.021773314
0.24229752
0.37643608
-0.09920744
-0.35494307
-0.03345127
-0.08784465
0.036039263
0.21366906
0.33350015
0.27293444
-0.044287544
-0.29127595
0.15375456
-0.38211602
0.11330591
0.27150378
0.038139064
0.122724
0.33862165
0.058045268
0.09004076
0.16485864
0.3667365
0.060081404
0.011222119
0.05208615
0.25888968
0.16559555
0.36009207
0.1795576
-0.14019807
0.08883102
0.36931
-0.023282979
0.08464337
0.012229815
-0.23568726
0.3024437
-0.3886807
-0.09772122
-0.09063809
-0.07614177
0.33495763
0.2449325
-0.16245012
0.1724427
0.22791451
-0.04615596
0.12231346
-0.25427365
-0.33824646
-0.28260309
-0.092014864
0.024880184
-0.35525587
0.23302892
-0.031279735
0.20348066
0.17825934
-0.043948457
0.1858485
-0.023099499
-0.010400289
0.39071465
-0.0491576
-0.19718987
-0.11907246
-0.12751587
0.17405458
0.1192634
-0.21831955
0.35439178
-0.37146962
-0.39639738
0.31697628
-0.17382511
0.35897854
-0.31963238
0.2467215
0.23481345
0.04554503
0.2310788
-0.109102406
-0.17335947
-0.32494012
0.21627128
-0.017427584
-0.28502813
-0.29454502
0.21388847
-0.13655354
0.02003404
-0.23639318
0.36925727
0.34518835
-0.22572902
0.36340058
0.12834089
0.21061793
0.020035353
0.19580136
-0.26437175
-0.31449074
-0.22845185
-0.31285015
-0.125765
0.36433947
-0.18040551
-0.0968479
0.15714027
-0.2541282
-0.19821918
-0.25055513
-0.1960118
-0.13378832
-0.046491217
-0.046254367
0.21106623
-0.0083803665
-0.27759296
-0.36912104
-0.37360632
-0.035189003
-0.05479843
0.31293872
-0.15788896
0.24508046
-0.21698305
0.23039788
0.24017373
-0.2465456
-0.25602624
0.030365493
-0.076712705
0.15741743
-0.1027974
-0.004096112
0.3936551
-0.17984302
0.08397197
0.16283436
-0.22969295
0.19076703
0.34010625
0.028024882
-0.20235255
-0.011807454
-0.032006927
0.019774843
-0.13886386
0.21954674
-0.27149385
0.29916283
0.27248883
-0.16430722
0.2554966
0.25250193
-0.1684688
-0.32972938
0.22359686
0.1456397
-0.077804334
0.014064961
0.2731084
0.12081859
-0.2172608
0.14383726
-0.3053456
-0.24354771
-0.19552703
0.09138153
0.3566189
-0.2189049
-0.17082953
0.03829017
-0.12267995
-0.105824
0.33515826
0.1070186
-0.36007172
-0.29520932
0.2677439
-0.28427008
0.21273653
-0.20728742
-0.35912922
-0.3404191
-0.37119493
-0.12015087
0.24115354
-0.004717093
0.26951846
-0.31433386
-0.025746033
0.13700344
-0.07164698
-0.15776457
-0.32658237
-0.3252319
-0.14427713
-0.1882653
0.31037882
-0.14569955
-0.25799945
-0.13904761
-0.123009235
-0.25127918
0.22693892
-0.13752171
-0.23398471
0.3153618
-0.07755992
-0.18890224
-0.07869089
0.3505839
-0.1739326
-0.21865825
0.29458112
-0.24758264
-0.24134004
-0.1284204
-0.19417591
-0.051335514
0.17710702
-0.054193035
-0.22627732
-0.059267916
0.3293418
-0.14729524
0.2565689
-0.33495095
-0.33746812
0.09244444
-0.04474619
-0.20858109
-0.10388811
0.21579798
0.0058524013
-0.19954534
-0.28685194
0.25825754
-0.17340846
0.04153382
0.30010957
-0.03537294
-0.15644468
-0.3514387
0.25732985
0.11677598
-0.32098737
0.07529051
-0.36729366
0.022530891
0.36563462
0.32555273
0.35918632
-0.15825656
-0.33681604
-0.08257338
0.16076711
0.1921426
-0.041119292
-0.34033617
-0.18695936
0.016814915
-0.34948266
-0.09797204
0.21710111
0.04653103
0.08809304
-0.26923534
0.1895681
-0.13343404
0.05531128
0.24607386
0.036818244
-0.17096289
0.20331803
-0.01684823
0.12698613
0.34131435
-0.282615
0.14538051
0.33233777
-0.14606963
0.080059916
-0.25156564
0.24118048
-0.12205694
0.2641613
0.03961538
0.1401084
0.20531395
-0.16904019
-0.14240755
0.36551347
-0.23594598
-0.241829
-0.39601204
0.0491509
0.13786909
-0.16779093
-0.06031143
-0.31830436
-0.38083556
-0.23692515
-0.11870689
-0.18198515
-0.18423377
0.078374535
-0.24466853
-0.39728856
-0.05489888
-0.3945758
0.26872915
-0.36801234
0.2513839
0.17469098
-0.38029814
0.29363737
-0.34807974
-0.23387823
0.04024541
-0.35270485
0.26935384
-0.030265665
0.18599643
0.37217295
0.10076715
-0.10355514
-0.032063693
-0.17451711
-0.1575498
0.1121943
0.3078239
-0.05025441
-0.052182354
0.28651622
-0.20567814
-0.0786832
-0.19907664
-0.29560646
0.3471092
0.03255696
-0.15581067
0.17537382
0.29547775
-0.21386716
-0.1498971
-0.006280958
-0.26345113
0.34235492
0.1890257
-0.0761873
-0.20749442
-0.12890998
-0.2847121
0.03367418
0.17088635
-0.36071736
0.012079948
-0.009999997
-0.009999999
0.009999995
-0.009999999
-0.009999999
0.009999999
0.009999991
-0.01
0.009999999
-0.01
-0.009999999
-0.009999999
-0.009999999
0.009999974
-0.009999999
-0.009999999
0.01
-0.009999997
-0.009999991
-0.01
0.069307245
0.33025867
-0.055107288
0.15603723
0.23138936
-0.4803165
-0.036862716
0.33299455
-0.25562954
0.5145693
0.35284552
0.41678464
0.1394398
-0.019407373
0.2600276
0.34946913
-0.3135126
0.083030626
0.013795359
0.33648795
-0.01
