0.2500122
-0.4100317
-0.32913762
-0.21411297
0.026906824
0.35001618
0.09402919
-0.1555211
0.32571137
-0.30228013
-0.3900038
0.30796316
0.40553173
0.087604985
-0.14696305
0.2999324
-0.55558574
-0.32017508
-0.50494784
0.23561893
-0.039966505
-0.27264735
0.48618662
0.40843785
0.41996282
0.21610665
0.19959985
-0.120519996
-0.17417933
-0.37290728
0.18565981
0.34526914
-0.53460944
0.47822538
0.22582853
0.27159128
-0.29846275
0.4026689
-0.20390779
-0.37016898
0.52400285
0.19251174
-0.009081947
0.077896476
0.07619506
-0.1733833
0.42893326
-0.17818418
0.12705523
0.12171033
0.15753715
0.44903675
-0.5428324
-0.056945287
0.43606123
0.34362045
0.21718356
-0.3024784
0.5375744
0.41892806
-0.49359113
0.11810387
-0.087439366
-0.12365291
-0.009999997
0.009999998
-0.009999998
-0.009999999
-0.009999999
0.009999998
0.009999998
0.009999989
0.009999994
-0.00999997
0.009999991
-0.009999985
0.009999997
-0.009999997
0.009999998
0.009999997
0.17913944
-0.13145539
-0.16506517
-0.23416899
0.053034507
0.1500154
0.3617109
0.26432517
0.11407671
0.12125596
0.23259373
-0.017244505
-0.27292356
-0.11041956
-0.18464199
0.07657665
0.28209648
-0.33019307
-0.24822812
-0.35695925
0.17769584
0.07543793
0.27920762
-0.005881722
-0.30742192
0.19283581
-0.021520047
0.3805368
0.2779675
-0.27328432
-0.39692783
0.31005144
-0.109311596
0.22614804
0.19474591
0.13651969
0.16419414
0.38953552
-0.04862623
-0.3680456
0.011707294
-0.408727
-0.28352535
-0.42190796
-0.32532257
0.29504308
0.39223057
0.0031903419
0.030870385
0.3044389
-0.19455673
-0.38393852
-0.044696525
0.21491459
0.21179986
0.080513746
-0.32887802
0.24870743
0.28859276
0.16154817
-0.31432974
0.21862888
-0.3640158
0.4002556
0.288766
-0.3909457
-0.24675792
0.09709713
0.38355112
-0.008570665
0.10908737
0.282782
0.29310036
-0.23271565
-0.17594117
-0.4043172
-0.2068747
-0.029044054
0.18977876
0.30765715
-0.22836421
-0.23515266
0.15328069
-0.36964095
-0.15899822
-0.19781479
0.433835
-0.11704539
-0.03171359
-0.20970353
0.3534714
-0.09941444
0.3526349
0.21329519
0.11361998
-0.11180119
-0.30656907
-0.2937931
0.4261256
-0.43415743
-0.2779796
0.41861588
-0.0685571
0.088525444
-0.014298014
-0.2860183
-0.3853504
-0.1989923
-0.121703334
-0.24807087
0.14262427
-0.034480687
-0.16798614
0.17545465
-0.20899688
-0.20422174
-0.27300453
-0.20265605
0.018280843
0.25259036
0.4190087
0.25496036
-0.4375226
-0.3861669
-0.07006872
-0.015189168
-0.34207663
-0.09880969
0.3584827
-0.3189086
0.15857908
0.028197344
0.42296314
0.32171223
0.03576063
0.30898273
-0.2234314
-0.36527464
-0.43181217
0.06540081
0.0866953
-0.43727842
-0.2048296
-0.25797564
0.27731717
-0.10064289
0.41528443
0.07771899
-0.13660306
-0.27568656
0.08247657
-0.0055640577
0.24426408
0.23424138
0.3787054
-0.39156613
-0.28204548
-0.15760812
0.0035532292
0.1555816
0.2405144
0.043077793
-0.3132289
0.23476432
-0.081626914
0.015109408
0.43119252
0.16977003
-0.083814226
-0.29940367
-0.1256724
-0.28322265
0.29171184
0.04551442
-0.31887826
-0.056935005
-0.34406635
0.04847075
-0.16176474
0.18309367
0.20470287
-0.15183328
-0.25342754
0.0848387
0.1798175
0.09509652
-0.2784649
-0.020040931
0.43259543
0.16221558
-0.40309015
-0.18159811
-0.08790256
-0.33345705
-0.39428645
-0.09427959
0.040709402
-0.15014039
0.21594632
0.13346899
-0.08458934
-0.32885528
-0.35373616
-0.035848767
0.3732011
-0.29756916
0.03425206
0.20640342
0.11596753
-0.32288885
-0.19727418
-0.11866808
0.3871181
0.27540147
0.43756035
-0.32316834
0.12569153
-0.2919027
-0.06229359
-0.060224358
0.040197194
-0.22613542
-0.12343263
0.37005043
0.2578135
-0.32138684
-0.3099986
0.3302271
-0.3204033
-0.12734723
-0.39748353
0.13136344
-0.049425352
0.3806353
-0.05156868
-0.12989905
-0.1481918
0.31447098
0.13021947
-0.4235273
0.33056098
-0.15983044
0.19761573
-0.40838605
-0.3905794
0.13896012
-0.35678834
0.3864452
0.119339176
0.020514818
-0.19003186
-0.30487788
0.023712313
-0.13763347
0.12326533
-0.2959831
-0.009999996
-0.01
0.009999999
-0.009999994
-0.01
-0.01
0.01
-0.01
-0.01
0.01
-0.01
-0.009999987
0.009999999
-0.01
-0.009999997
-0.009999999
0.03079438
0.45465663
-0.14502354
0.021883698
0.5589459
0.286594
-0.31205
0.49279708
0.42407575
-0.3529335
0.27360588
0.004305959
-0.350894
0.47508177
0.04621421
0.5767814
-0.01
