0.45296353
0.0072726826
0.11608311
-0.5649799
0.038599502
0.2525297
0.33398744
-0.45402506
-0.37246615
0.28756756
0.14471859
-0.53366786
-0.014829417
-0.42075056
0.38579085
0.30034614
0.12709846
0.52165145
-0.3560905
0.29575947
0.49057442
-0.24719381
-0.49696422
-0.36402574
-0.15802394
-0.50801194
0.219049
0.26026648
0.4742705
-0.3488481
-0.50261736
0.2435852
-0.49055156
0.17478332
-0.24277624
-0.4317086
-0.15778506
-0.50522417
-0.057893943
-0.034449283
-0.060737427
0.5092883
-0.5512922
0.22827347
-0.3464576
-0.55546165
-0.056308553
-0.31639513
-0.009999998
0.009999999
0.009999996
0.009999997
-0.009999996
0.009999997
0.009999993
0.009999974
-0.009999999
0.009999982
0.009999996
-0.009999995
0.009999992
-0.009999998
0.009999998
-0.009999992
0.2978036
-0.26464385
-0.36054736
-0.44049966
0.41959232
0.16750963
0.2701706
0.31540748
0.08901015
0.21607652
-0.059438996
0.16331513
-0.17710528
-0.35820925
0.31906125
0.33696622
0.28312075
-0.00448082
-0.020205248
-0.21798764
-0.08440764
-0.16591261
-0.41867974
-0.08632988
-0.20743546
-0.22363912
0.25490162
0.19980553
-0.39162254
-0.09036769
0.17667998
0.29621994
0.070405126
0.42556396
0.1788782
-0.26418728
0.35623354
-0.24613433
0.092603356
0.3831055
-0.25157723
0.36995628
-0.29174948
0.31365824
0.20963149
-0.35679057
0.06504958
-0.2544698
-0.07486816
0.3319925
0.30178997
-0.091593646
0.42052507
-0.19112298
0.21810238
0.20085256
-0.18195057
0.28565562
0.27535662
0.20790395
-0.3167908
-0.42645296
-0.21256486
-0.276482
0.13233642
-0.3176407
0.023608869
-0.013804535
0.047793716
-0.3670417
0.38353068
-0.40056002
0.025836172
0.011636677
0.04866614
-0.11444971
0.22008075
-0.27457035
-0.036204558
-0.24369174
-0.18517195
0.2696433
-0.004373453
0.12229138
-0.39161995
-0.26106194
-0.07638107
0.37198877
0.20785928
-0.09201527
0.11560831
0.08535062
-0.41508156
-0.10203826
0.36932644
0.009253266
0.17674758
-0.16050306
0.05404929
0.10101862
-0.3232208
0.074617185
0.03502056
-0.33040416
-0.4090034
0.27825314
0.19544122
0.11908042
0.15379414
0.15605031
-0.17487359
0.03430734
-0.25272065
0.057859816
-0.07490285
-0.09149051
-0.29060647
0.086522624
-0.11004924
-0.16690323
-0.018819747
-0.0132465325
-0.11189869
-0.05998172
0.39110455
-0.22034952
-0.23278415
0.41792154
0.3567925
-0.26588416
-0.28032646
0.29319718
0.40644348
0.38175642
0.19764303
0.2001653
0.27323833
-0.31879938
-0.38557994
-0.25848433
-0.11590533
-0.20712046
0.07741174
-0.04869231
0.15765056
0.4391528
-0.41556725
-0.35136983
0.016484747
0.15172997
-0.4038663
-0.36957762
0.030595563
0.24470492
-0.123412855
0.14401062
0.07233293
-0.24180965
0.30911437
0.06602141
-0.11474807
-0.27464497
0.016076809
-0.026696105
-0.23994198
-0.38501042
0.16144417
0.34406364
-0.009905948
0.075601354
0.17329578
0.38502136
-0.34864268
0.15892507
-0.13557221
-0.26319605
-0.07647744
-0.0364055
-0.2532263
-0.03364394
-0.36814016
0.23961712
0.1789125
0.12649345
0.08935796
0.109540835
-0.31283456
0.2519423
-0.34778756
0.2809777
-0.1325365
-0.015086907
-0.25556445
0.11895705
0.37208953
-0.049625635
-0.34619623
-0.31479448
0.40106723
-0.3816981
0.38768777
-0.21566695
-0.26303643
0.23768839
0.08648783
-0.39007953
-0.13850595
-0.4045918
0.28745037
-0.14981057
-0.30992818
0.0625698
-0.04475093
0.16961673
0.30953774
0.39608625
0.10814092
0.063090324
0.1563103
-0.33194798
-0.2021164
0.0705878
0.09565085
0.09275207
0.4313453
0.10920238
-0.2727338
-0.3939299
-0.24049906
-0.17611049
-0.3221784
0.29927692
0.16355416
-0.12517293
0.075124145
-0.13726516
-0.41542163
-0.011192606
-0.1841611
0.39214018
0.16680118
0.03266462
-0.32365814
-0.35005993
0.37010917
-0.105646126
0.023827879
0.32644933
-0.05905583
-0.16670786
-0.11586975
-0.020985937
0.09950071
0.09050876
0.28308478
-0.030675579
0.01
0.01
0.009999999
-0.009999999
-0.009999999
-0.01
-0.01
0.009999999
-0.01
-0.01
0.009999999
0.01
-0.009999999
-0.009999998
-0.009999999
0.009999996
0.428177
0.44679835
0.46908867
-0.34094295
-0.49931043
-0.46349677
-0.5164729
0.21380152
-0.49215627
-0.4078831
0.24760999
0.46066198
-0.18710625
-0.27882355
-0.28552872
0.074007906
0.01
