-0.33009323
-0.3975309
-0.11654656
0.5673093
-0.5067931
0.13069314
-0.30214486
0.11661785
-0.28558192
-0.2695577
-0.4398379
-0.38646796
-0.48049575
0.03300429
0.30586994
0.15410914
-0.25383705
0.08873916
-0.058765814
-0.15478258
-0.22820285
0.40384573
-0.5569014
-0.2766435
-0.5301464
-0.19828698
0.3737624
-0.23595934
0.11455595
-0.04670389
-0.43773463
-0.05856802
0.23862678
0.16297528
0.0021137272
-0.007476336
-0.56350857
0.49053633
0.09709038
0.10649775
0.5565297
-0.12705722
-0.23777185
-0.47648403
-0.34135434
0.44884124
-0.14060055
0.5292153
0.009999932
-0.009999986
0.009999891
-0.009999924
-0.009999906
0.009999947
-0.009999989
-0.0099999895
0.009999991
0.009999983
0.009999916
-0.009999973
-0.009999993
0.009999292
0.009999985
-0.009999992
-0.07684373
0.16019082
-0.43871313
0.007123152
-0.11866426
-0.10215207
0.038335282
-0.037406147
-0.026155602
-0.21963754
-0.38716725
-0.39307666
-0.41701028
0.30758378
-0.24832478
0.22828004
-0.28446138
-0.20170423
-0.06746087
0.29132727
0.08239
-0.31387177
0.152118
-0.0647073
0.028017858
0.2604226
0.18253013
-0.35529935
0.22894107
0.1715785
-0.37485382
0.1349678
-0.2263916
0.24677119
0.011863392
-0.037853736
-0.15539478
-0.2555977
0.1352596
-0.0028070759
-0.12068407
0.18844374
0.22504912
-0.26746488
0.17610589
-0.030238796
0.2784735
-0.09443497
-0.20057872
0.122145146
-0.25823435
-0.17587091
-0.37570813
-0.02364959
-0.107484646
0.37994984
0.122275844
0.3905119
0.23159981
-0.24024747
0.13870431
-0.036379613
-0.21310669
0.27262664
-0.080977604
-0.08734503
0.09985192
-0.26815283
-0.10036651
0.34801665
-0.15284032
0.08166454
-0.0805503
-0.37572163
-0.19101195
-0.3194855
-0.3158419
-0.036285765
0.30209875
-0.046336047
0.097535
0.43724704
0.23544642
0.24890646
0.35897937
0.1935022
0.3439945
-0.24783887
-0.3385796
-0.38244286
0.09856006
-0.21094868
-0.25215888
0.19799241
-0.06946272
0.31100175
-0.22224008
-0.23851424
0.31494576
0.33737093
-0.4073966
-0.251186
0.39762852
0.065454274
0.28648633
-0.1626588
0.20596482
-0.28605163
0.19929011
-0.113865614
-0.2670969
0.30948675
0.101995714
0.21981949
0.08286479
-0.26585793
-0.001776549
-0.32116187
0.045516226
-0.35670426
0.27555072
-0.07252796
-0.2442734
0.23010951
0.38232443
-0.4099349
-0.32675356
0.3648118
-0.09052869
0.23426035
-0.40909374
0.36761704
-0.16837524
-0.22863941
0.18087173
-0.21950534
-0.122712284
0.35290405
0.16959687
-0.35027263
0.034609776
0.02320776
-0.41686073
-0.15197171
-0.20971036
-0.32160887
-0.03904557
0.26522318
0.38422814
0.17530738
-0.06765346
-0.23520106
0.44019675
0.026382979
0.3545377
-0.17458421
0.1312662
0.18105733
-0.13511266
-0.36438125
-0.07170216
-0.14384733
-0.3435424
-0.2837284
0.06503193
0.44051722
-0.29373547
-0.20987682
0.43761033
0.1895714
-0.17240562
-0.15828079
0.35537976
-0.26693937
-0.31922016
0.19824213
-0.15328941
0.39439076
-0.1171541
-0.29708794
-0.33276
-0.16151191
-0.415967
-0.2562303
0.08159181
0.1673535
-0.33362147
0.3564859
0.2714484
0.16215678
-0.40816766
-0.033276714
-0.28080437
-0.08724788
0.21605672
-0.39619088
-0.33745506
-0.017991409
-0.073415704
0.17530063
0.055469327
-0.057294946
-0.24315265
0.14618742
0.049501695
0.25937873
0.04129543
0.30706042
0.056933038
0.3401916
-0.14165181
-0.2371546
0.2799317
0.28516147
0.32716995
0.2201243
0.29064083
-0.16237117
-0.34592128
-0.41376847
0.28298804
0.031651407
0.036408234
-0.3936517
0.06613115
0.2591544
0.25026658
0.06365612
0.34801444
-0.21229184
-0.13518678
-0.31263524
-0.0650914
0.4222836
0.41179395
0.10985421
-0.21310611
-0.30836466
0.32508257
0.084184594
0.1600212
-0.15237327
0.121130876
0.2810815
-0.43584278
-0.3065422
0.0042385748
0.2719552
0.040171582
-0.40985984
-0.23379739
-0.24353988
-0.14607929
0.21635035
-0.33799073
0.2546829
0.009999995
0.009999996
-0.009999998
0.009999994
-0.009999997
0.009999998
0.009999996
-0.009999999
0.009999995
0.009999997
0.009999997
0.009999824
-0.009999998
-0.009999983
0.009999994
-0.009999997
0.25550154
0.37550044
-0.51518875
0.21417475
-0.3230377
0.56932455
0.26002076
-0.56070083
0.25449604
0.3290595
0.41954365
0.01953447
-0.55055743
-0.05485308
0.26206806
-0.44712126
0.009999999
